ISAR-04 Filter function
8/20/03				
	KT15.85	S/N	5339	
	12.SPK	Pyroelektrischer	Detektor	(LiTaO3)
	160.SPK	9.6	-	11.5
    microns           relative response    steps in microns        #steps
# error	9.40	11.8	0.06	40
	9.40	0.0000
	9.43	2.54631		
	9.49	5.793331		
	9.55	9.668717		
	9.61	14.968266		
	9.67	24.493301		
	9.73	34.960308		
	9.79	45.626378		
	9.85	50.791858
	9.91	54.246059
	9.97	57.81366
	10.03	59.618147
	10.09	59.564821
	10.15	59.498671
	10.21	59.664674
	10.27	60.626505
	10.33	61.658131
	10.39	62.685701
	10.45	63.556171
	10.51	64.380495
	10.57	65.209094
	10.63	65.924249
	10.69	66.522749
	10.75	67.121249
	10.81	67.451023
	10.87	66.894956
	10.93	66.25033
	10.99	65.625707
	11.05	65.522968
	11.11	65.577193
	11.17	65.622867
	11.23	66.302045
	11.29	67.630746
	11.35	68.972272
	11.41	66.407322
	11.47	50.950737
	11.53	34.240797
	11.59	17.971729
	11.65	10.918391
	11.71	6.826609
	11.77	2.828826
	11.80	0.00000
