"26.11.2014"
"KT15.85 SN11486"
"      12.SPK        Pyroelektrischer Detektor (LiTaO3)"
"     160.SPK        9.6 - 11.5"
""
""
""
""
        9.28000      11.800000       0.060000        42
       9.310000       2.206749
       9.370000       5.360327
       9.430000       9.151918
       9.490000      14.261549
       9.550000      23.223098
       9.610000      33.564489
       9.670000      44.204013
       9.730000      50.103020
       9.790000      53.785427
       9.850000      57.337905
       9.910000      59.377511
       9.970000      59.571932
      10.030000      59.507492
      10.090000      59.642537
      10.150000      60.498241
      10.210000      61.520559
      10.270000      62.548670
      10.330000      63.440090
      10.390000      64.270568
      10.450000      65.098597
      10.510000      65.209094
      10.570000      65.209094
      10.630000      65.924249
      10.690000      66.522749
      10.750000      67.121249
      10.810000      67.451023
      10.870000      66.894956
      10.930000      66.250330
      10.990000      65.625707
      11.050000      65.522968
      11.110000      65.577193
      11.170000      65.622867
      11.230000      66.302045
      11.290000      67.630746
      11.350000      68.972272
      11.410000      66.407322
      11.470000      50.950737
      11.530000      34.240797
      11.590000      17.971729
      11.650000      10.918391
      11.710000       6.826609
      11.770000       2.828826
